1576169233
1336363861
458973481
1643331241
1414767756
1875693429
1876284993
1587692992
15370202
661999435
2099783895
1358007319
1205265085
1816032193
383681968
1358549739
807313239
646548162
1811155800
412791333
1125052150
918834460
1172240700
1558129491
866471188
1015051506
781734086
1504330854
1512682194
86949205
1810092751
1316030032
1430680048
1660878341
1503331052
1374428266
319724760
1266876943
1777037759
108392682
799041186
801559781
1209422041
1909336842
336630629
1398276204
499268540
287883781
468123712
1942832935
1805700814
430265778
1291601580
347446614
188115228
1688713642
1759614458
161000693
1847660118
1635204768
1469595833
531264967
287424273
1133633552
941519171
2053495073
793759527
65721656
1383667682
1529828757
1935108902
504570535
381577836
1783739272
1643707573
781305693
695424017
1841383166
1130890342
1809884500
209729137
1199379137
1594174826
1668104249
1456609943
58934962
1208504114
786270189
230849852
2068896746
1955422596
761552592
1694184344
933727776
3905404
1324994041
422068202
360619662
907636945
655605333
1124655026
1912954051
1386778794
30422076
895438747
2128869620
534116892
721983144
1208199060
2105445937
1031069619
1098640969
1391025113
1088713501
891551858
1031877703
545492356
299341313
478673387
502092871
1246109906
688046837
1563472564
1772982402
2111704897
2073846955
724970450
1335939497
1683229619
2056032154
439221489
1428801439
2107811885
250219652
1845901883
685856946
1598374753
13055760
1604802719
910105468
1915316236
1460015671
909207068
642581762
289160554
1634241570
1250637842
9765363
1107187845
967740329
1394721613
1677997405
2083960909
1787131659
490238932
1881669265
651420289
1521632437
1597466279
64495091
1443554120
1962366997
75030577
1585223939
434968643
1418301925
87624268
55071381
717783734
1556976707
2140631946
1027781641
1175684160
1898521859
743332013
846512770
1781424763
430495789
1175794450
1006471271
1517189368
180952843
1165580596
261902983
158257846
735117769
7857532
682484770
1131957583
314227305
1926444665
620678867
1782075822
450799901
910120273
200315685
1482854652
1888085281
1051034010
2053998135
952319830
145366945
1534389611
593530318
1630000323
1929176169
572064955
1104466731
138212312
1864547023
2127855593
1047939901
71620972
828233753
2086647550
121156472
742652216
1315079506
1047061273
586042599
506876648
1570267168
1540629998
882631095
765475935
1314703291
633175977
230739816
1908130892
1288443577
1852865359
1417023948
1701383164
818809646
1007881842
1148208397
590428176
329666699
36867096
828844211
574015991
1930508122
452779902
593328757
680528565
1739315028
749792636
329551906
2097517095
539237595
2078044541
26379175
498448575
1238028233
481966170
205283704
1962196899
658213718
1972732948
586618705
1342057178
1355528116
565948570
2010720573
1230882481
2124663126
2018027684
2024730030
365714063
1723488082
1555578342
1317721081
1291959159
419104410
356086705
101281681
1972121442
2056427488
716023393
593184619
1090981629
1846048158
1621129921
821005258
1607334959
1306307464
221338681
1873070962
152445069
18274458
350086353
453891166
1956473969
1745321324
1248802471
429901796
1893734786
1572074000
1236223306
187894394
1662127782
407996599
1178756795
1369361837
2037815761
306719836
549006014
1547732004
230922062
1902309229
609445926
2089968977
210944597
2063459937
443256048
1176524688
1275639744
1825333460
1415528277
1902209163
2036799212
1797142593
22500549
1461853230
318101845
204797374
2012451382
1685743473
962443491
1227066560
720766201
1408270406
2100055791
2073700643
960493294
745212480
550706197
1315566886
1509606991
2053246460
1640354090
868080528
1847037858
1822223624
739900535
2008740584
2110309408
308693554
2073640694
1615548932
683601719
83142326
619816308
586891976
1420672200
338810522
1911769985
980605185
6616373
262564397
2080541460
1104169121
2021828979
576900643
360299741
62924958
1060941415
211527372
1850043094
1033437092
2077974070
307380919
1055157738
1647451191
1279547392
1513178515
1048252420
575293177
1189574416
376618360
2120764024
444445213
1712514495
138832256
1524141029
2100096142
1763903474
1524098341
1014351163
1471131368
265278269
1212998178
141540140
285816919
1457182296
1944557310
495414945
1550422045
1404494331
536969850
1412443646
2006561258
1007365501
517673623
2035328431
1073790845
893086704
1513108933
1884803262
1102763506
1770338924
1458685148
653142376
1575478954
46895619
519323771
1477629196
1360133923
86422966
1874460212
1544017769
1647097157
1988061268
573203532
592945156
42623199
1712429932
1871665138
121905830
1407147020
1985672675
1368113461
1834653243
1430250297
325444029
827061214
519293204
1026368467
620423525
1247629436
328367745
1700807072
1431859297
1616539097
1645855260
1046104278
1639976047
79548177
1939650139
44864751
1695141474
130327232
1883491904
5671491
1254487315
961214791
1102747723
46926374
941331368
1664557612
193980018
785350804
1774802679
1609183771
1658595453
1991207403
810522485
1346788874
2047086881
1249851816
1319835179
562241373
895790121
2016537607
1994827255
1434784925
32681783
1750597000
323653733
2073801504
1652282345
1053655181
790310666
1306732229
1789640706
2068793817
123810390
827212677
2090462434
865672988
435211809
919387092
615130422
342815611
1302570445
1516474802
1064934486
340240620
2068753328
1938826084
49417138
699314160
1068765998
503104757
372770714
1963386700
1004643834
1662470846
1747978706
1126756843
1282315932
65777176
206975160
780428513
997087925
1694341704
1376867455
1019337615
1763978950
393504296
831739744
7973065
1130169410
105844039
1120186674
1792081246
1938212862
2134732486
391854043
590500940
350829667
1262977641
1950876736
1730895090
266073182
657568607
483773705
1742192940
1255620122
1829253371
1855514943
2007811897
1827312132
1147994789
666634113
668918614
215010681
221934422
2125508397
18053720
1863130249
2117807350
1082170022
152453765
1676746414
447807392
1205378726
870198229
815114286
925662578
235245079
1930207930
650980069
1427287703
1503650973
648716838
1585463884
209589394
1571553950
1540032125
660225177
1263999076
1413935219
1276467405
956436149
1529837776
724450327
750725614
1566201982
995406890
1911778952
1243927050
439840908
682977013
1401119860
2056888918
816198045
1054842503
2016395323
1352600429
1661622019
2105042058
1937994109
521855633
1659417404
1593284946
988991207
217385330
65562036
1693819911
1260743497
1065653771
1590279857
1752935511
1766213144
449389617
11680445
301398504
1641956831
1653632039
807734431
1047216341
1278213145
1791405637
2021186984
1652681123
1634673482
673640195
2100017740
729419518
939389377
274603441
1995800907
587857302
1099841021
1941783830
1237817950
289252490
2122562799
1288454184
140117922
720642656
1707544784
1410128624
787136014
2025423136
492645582
1313519863
1212468475
1771689284
1784203422
1186416188
48034209
1214616497
1675899309
416948121
640957729
1581770953
945570456
1575355818
1025884628
1940770968
1139973545
1205423835
44842678
988377589
2137629626
398486160
178593166
772339856
265862664
1911609680
1156824033
113200665
9009088
889256755
1091853869
1208929409
248816060
758249363
1051281541
938351452
515257355
1390623280
296941634
1403157223
1241487405
801995079
1628615119
1093336199
2132841498
1961041243
1724758842
580686265
944194734
2005577071
1992041554
1407432057
972604943
573371192
65002964
935810689
639732526
1674716830
147946572
569566020
1482906544
1640796924
1755108745
631208759
729013021
824556669
1976163583
1360874822
209639310
909563450
656703694
1226756481
1090335237
1902273010
451533428
68908366
445267754
2143839284
439691173
673182450
1018959261
585989496
1882581498
1449641366
1707209556
1031603291
302057438
433000606
1750373115
1667684253
1766920706
1709548063
962560115
323826419
1081574894
86205714
1558335591
816776050
2063579779
549443632
1018855825
1090612416
1887525772
862268068
1355268606
897904593
233094212
159152908
1245226599
1942261433
199778133
1554061876
1792804916
924218252
1190238226
1315987955
255308650
2146133545
1272170353
419347535
1338573751
341107005
765740072
2134514370
2125256799
47164540
611342152
1714723596
1294539576
158477805
1244442254
1513957851
24720970
980492399
119793179
1590593710
939296113
1585097850
1357846589
1354967850
1300675897
1229671284
987823278
1689554561
489108626
798860274
1409942503
118046976
5510321
1631520062
1402954875
923436094
1208864606
262700600
1649021188
501278705
156598166
1624479425
1040342023
629028798
1327137540
1918970487
2092267955
587306365
568145954
1196845989
1395473737
1550153567
49710858
1064465315
779187881
2141204364
333315405
1810573241
859808950
1049964175
1764514534
1082422676
858359700
864282974
1070671720
345233238
1354247466
97575501
416052222
1693887866
366305920
365986102
687754653
75122532
1399017040
73625726
580300992
985735180
908471882
2048304112
68977616
1143345495
1804547719
1179611547
1943782941
56625505
2002906937
1661710042
1986533924
1295199293
764760048
668800169
713360967
1505741058
506455333
1722084074
967499850
786175412
95922752
977803964
311388256
804023685
1921256963
2126939167
1969647876
1282968652
60093323
614407248
1830224203
2030790452
637681743
1720041193
1345053735
719052550
614807348
106052133
1803463051
707240901
244684886
42312279
845234443
916846894
749601482
2062779383
293772580
1259257249
205078598
1903680026
195479817
1892315433
8172466
2136887434
296184318
85470315
1536108134
136409988
1556669711
1369337615
598472317
2124981563
260441921
695820758
1203141412
1012582474
2065538184
1184309384
1730198869
880629108
1277284602
622199616
360899373
822154981
1280644455
177364175
1953829113
635415555
428790111
1939356493
1133910026
208950141
1511107545
2132372729
1288503041
474016074
281747068
1644798735
984587571
1702180577
1093518841
2072104659
160516747
722927269
964170308
1392269307
2072206410
346459931
1679962325
151015493
632495006
1833238177
1813275711
613732187
609656221
876206
2145303826
1457169965
1027857365
676205814
1077631214
1856713840
1489779569
995105176
475389998
2072651253
537251149
1521994012
1222097188
1183227139
63671203
1530163672
166714152
2094097096
82759590
1561956653
731658595
1111959445
1179679768
284685527
1588833469
1003215082
1922161568
1925324216
930439109
1900160210
1858174238
923134514
256897727
791904223
504097025
99443400
1264544
990885544
1127678747
613262179
728507594
1935379990
1314311441
63859440
677576156
630807440
1275178302
2072027317
214103920
74108599
1996494363
1527822533
1198235545
1936127962
181684346
1094315820
1929884463
1499590956
1292794869
440367325
819314300
1786388877
777188012
1543241620
1118429553
1022367520
1223460149
1906987953
769796209
1536026830
1271623988
1606473209
331051657
1481896227
2028131176
1581223158
1767431373
1033472978
551190483
995032959
567577721
1421075073
318952854
1519408701
1845364656
561551193
1395038587
114572635
