425592070
1956514759
681446091
1815001915
1742680351
908016819
1159597444
1844507861
2080818564
1240527880
716036673
1666738781
626549952
1324590898
1085610123
573903259
1292115466
49346113
1843941897
1503331699
235266456
781914010
363704684
2022320493
271502731
1569475542
865828220
1632868109
1328114680
795848408
510442084
162591498
1481009573
361096375
1200275422
892577355
99122809
855029400
418233487
1649541269
1419192531
862037874
1046586848
1652384775
1587220212
428761973
996788881
953635259
554829512
895721871
376357526
2040992966
272811083
638716006
996774244
1044562851
689558217
679808947
17196929
760913583
509110796
190441421
1099365226
653339473
1632828207
276182180
811299130
711624067
573079498
1757989927
1112932971
1344961245
1727224688
1301012410
1987271642
575461364
988193478
1517528804
1677237155
1661403042
1796023435
255366909
1771948751
167602545
1437966810
1641393579
1440006012
458465066
1350339239
1738778205
250199255
276451688
859459654
1297773628
1724237205
872245712
1850209949
1708523556
151000243
2086856560
1068585762
1954989116
779824432
1932966457
333711331
150546336
7197303
92896418
100416448
638900065
126215906
284598535
900723058
1370731736
1291131267
1467104430
2018621707
333884858
1090639790
1008161260
734437167
657346214
1846439470
1199113948
826400012
338709002
733098002
2008257545
1174759611
19182266
1632096312
632182298
1775926256
133268074
407548359
1009770269
984112518
669973491
1911472613
1412951373
1554019650
1841744739
1502229008
1159581455
908549791
932296945
562200611
1806111876
1413298798
1632746309
1880226826
1247506488
1653598889
279476633
908380890
675419070
867328030
20035930
495899520
317050351
94851969
579848537
778281369
1049890265
379455197
1798537225
403937883
2132971316
989524668
1430441894
1806135426
221481171
80687781
1648031786
217160619
726586443
916578470
1959395120
1884687415
1856233584
1506937872
1388155056
2012040996
326201186
337940708
624135632
1820285207
933421858
1973394005
2076363784
1727483726
1855618545
910849318
473146041
285650629
564614098
555508736
394619704
1253102280
203395730
1674755967
993519813
2037545770
2099247720
539908270
2026667422
2109115425
150301535
1045982901
33815954
1791528827
464974990
812707795
1626406461
336397091
1641493521
278798859
1882061340
26691018
1148841600
292137785
74084830
1731979018
1408995912
152639313
1806785923
780093680
193084759
1127692960
638188437
1100299719
1588101887
795272564
848770448
1983709591
1341468742
17004725
143049777
608257484
1438872502
173369966
514507798
954835286
1907585186
1164109304
629187424
419045402
2015435548
975810085
1755191547
1889843022
113918188
1712312125
1275485383
1648958427
2088412006
1241934477
604189322
800839769
753134492
1026861119
302251567
2065155666
572713885
2056145135
1172942075
619915510
535877911
1900003259
425068588
1202343540
1029467844
1171977535
298924234
422096182
2028110267
495625010
1417024065
97845077
1502131187
1523162898
135803100
1112120926
1162847772
615098799
930364326
246449085
1822451015
1752139833
1387340729
396951579
1709836995
2080935855
495167776
1115632033
857709446
636229039
198660889
825579182
454157821
865203235
747918702
1882014311
788539638
1355935763
956836925
774261808
1291419260
698461432
652046881
352502493
915570160
1113851344
1939560666
619949389
2134703148
1982259769
657318332
1359362441
296256443
1894784953
1140269336
1263823280
960043968
470092791
338526385
561881969
939061938
610468380
1609484879
712892618
1580510443
924732896
867557534
1333143466
1240227920
271372372
108445196
61247151
1299773442
1561937402
2096380107
1069748490
1591464500
1626994716
1776104163
1418659555
1376324812
1211751125
781586409
858724835
290811064
380576444
269423831
769649889
1084327762
241390167
861981046
1990280477
1599613349
1307495774
1467769136
1807134668
1972509629
1097190325
305644379
718927644
1247817665
1953395616
1999177094
1042045517
1847399664
1114567470
692855915
1693884670
519878742
1839823002
1229557838
2037078198
481621663
2117968210
1452259238
1696759216
1233306183
1799263076
791090272
1912879974
370650431
103864983
94794572
637735475
1031014371
200827813
1281662970
753282866
530039378
1675151115
709004486
527159436
272475641
22137299
1718852334
688036952
1179774876
967060875
1378068949
40114440
1517182800
2115575831
984131293
1934776039
359547575
1914108348
248583604
304367431
2146244374
1370088775
617016995
1267498890
874395240
137532529
315479746
1656462311
431059680
1298238528
661283122
507350631
1851405793
1919337294
163423216
914005856
1307918184
1838597671
102984878
392804238
1289596452
351280755
1915578741
628597882
89483141
17790419
1283010144
1487203623
1155020425
889119052
182450572
1585229657
409480857
2070777039
1999662402
716199456
2088088926
1367080928
212981258
1090476458
1638381669
307608988
1868939610
15257288
89735475
958525950
1441602934
1266557052
2128972813
270752742
1148222234
329911972
1235343222
1302688201
1979179106
2116609094
1908145710
819191076
1418794628
179150931
1462714717
47389815
1511071513
1753144896
2075659053
1007191200
47753101
1225433012
662476149
1457039559
815143214
707757492
1806258238
533389780
388416086
1348845264
161979411
1137276372
1716824141
1941148827
1049412971
1008652598
921026058
531503832
627780516
597256456
1434472298
72517999
2088651086
1587557532
1390907292
378180400
1836128821
1221352246
530468845
1457915302
1179996218
844045068
98643111
1360074725
1019015016
1355074303
520308443
559415561
1424761137
201311547
1544540368
809536753
1064535375
1129003547
1160565083
905559139
1710653892
1544465199
1191816305
1027621767
253507557
325679950
560724240
513787240
1057647535
554308992
1709097394
1575216948
1587730131
904468686
530837164
1954340544
509886814
1389056896
2059623906
686156010
884916670
1334418434
608206696
204299533
710936593
414951277
2094922756
1076215606
1035425449
635737312
444843013
835578398
1285832880
1039605540
2139335946
137721073
1690967721
153915873
373851576
790182866
96866121
1527516091
1350487463
1157618075
1999988008
292820676
71059458
1186548933
1989389391
399072155
500570133
1189616269
351905585
1864943747
1983006499
1785263370
1638414346
1214993654
1963269490
1802974502
1795883820
550591703
285071268
859415879
389205805
716988753
94545728
1763307943
847613913
1518919267
755667903
262493702
1667611686
2105310105
2024906812
751739538
1388604834
707083677
910060149
69308359
1228155428
1743256619
1100240552
1757527891
1330173717
365394885
2016440705
1325561190
435736493
245660130
1444916150
420000790
574559953
345514873
1325877811
1896620134
1265618740
746308976
1591214439
1770582384
1963144156
1075456256
184023547
1515175337
2129491718
102309908
550537023
1451935558
686263264
1448330155
451284456
2038913699
516491585
24331428
508889397
1164974698
1613421665
773068655
654889855
1389192561
1827739090
1052443428
1777360922
1502278190
1671674648
829547249
1821348429
201110753
1936732254
1639647054
1315702708
2108497847
472812001
828183005
164043610
2141471023
54469543
617630241
1695492292
2128142122
776892790
1957816042
1822386182
93933012
1556261954
1248727790
86945239
1655808872
1831025619
264237259
193520717
1784690820
27113290
998036431
2091584504
897081406
2019489306
484202264
192514568
1338275912
1254817918
2137779118
1942599759
269257758
46728847
1545816414
1577001289
266246666
1431458490
2026616902
1384841608
564606863
451000921
1680423916
977862683
1161797824
1110196090
633840085
1218353479
362304647
315957802
763293086
1684749112
436032452
149551948
1131118146
1283747342
1947590126
205817482
538279773
1312595895
765891875
1996478580
591035718
1167203230
336985263
977979791
841813260
1675032972
1151342724
392811097
643225212
414227257
2102051608
1230398263
1247527096
887002055
820595770
829318104
910340988
1218891178
396288137
1598424160
168483608
294548447
693023017
958331060
756826503
954015836
1989129329
1972571514
584948015
1600476452
1550237668
1001271595
1676544288
1362883739
1856332440
1332341305
1663542736
1058199877
102694460
646793495
673834515
871358774
128440445
284435339
1505888100
1575629247
863299064
1999108974
710182017
1051871428
36817136
1499739002
1726186884
92669243
802417161
