1690751594
2022596248
1574732967
1317359407
1521088296
1335721413
920169985
156005995
458016721
1718788764
1967952628
1641194880
659516621
610578626
1416386363
428257372
2074895714
1875294074
731993303
839806806
1878796159
1149584202
772204760
1586564624
1426306063
1053962283
14826646
1787071655
2052766140
660862136
1348184228
1186732502
2101079773
1661700805
1622944256
1357035140
768068430
367974190
1204883227
2095100259
504292774
1813639477
1023574606
763380214
385264035
1939886940
391802897
1358045560
1027513677
2059151091
807705855
319064908
1444295659
647098916
1746300560
1522795252
1810008517
897369127
287926545
414912106
499361707
2008403965
1124142079
144574901
1759961897
920306104
1039095707
1239472674
1173677132
1045704603
1519964827
1556181330
1250427931
1755594997
865742455
16420352
664087844
1017460051
817795841
103992385
780218315
1419050162
590411635
1503563267
1400153037
378614327
1511690861
1567547950
1789778642
84916124
1202275320
377179786
1809891123
1645965724
847405153
1316117268
216453482
260474708
1434103247
2113366839
1881983271
1657682658
907458466
392319614
1502995923
1478579290
1666548485
1373882597
490441312
1724191638
321168408
101303357
276445041
1270019981
1457677048
234768460
1774639640
1811916385
122759240
105877848
1087027058
890736736
800481808
229384242
656955868
803686894
750496655
113939325
1208004377
474642135
1482015798
1911715644
557198004
455633646
338666941
805557275
56931571
1399894564
1045142304
74567549
1575310064
499435668
1369345296
271149201
289070554
1308778801
33931012
466407441
444933478
960339281
1945055225
1099341188
1987199205
1803941401
1253663476
764844575
431797897
2021841015
896004822
1287916859
1798622715
1790432052
346261881
1825586703
1222928924
185571660
1332346946
1297209190
1689759599
1127730808
802561164
1759365243
501148070
828268629
1739399104
161196049
1107306546
1924455704
1847787915
1853422401
1963129461
1632877522
813981668
97106593
1468660049
1425088460
775722654
530482478
320465085
1132217201
2022196403
287737991
600892832
8903229
1135135424
1021993949
169851193
941740774
1269608856
1225734174
2054428689
529558205
2034144915
793333071
1438262843
700960799
63770804
1916741375
1058392468
1381262305
1589296004
749235569
1527900596
786095575
1496421004
1936917618
642559983
356294035
504450600
2093927087
1399187212
377554446
594225616
474219655
1784837905
1911531154
1705820703
1641251761
595979461
988577076
781623231
1723843665
545831969
692875271
43196529
938994269
1843054404
1343875558
590449917
1128935200
1369356614
1095415854
715142008
1808342664
6394926
864937756
212591057
2049040504
369980551
1195778574
173901367
1800426531
1597084134
1519772246
30211746
