122389133
1396155564
1593448141
102701734
1539692544
2134591008
269994311
1606965362
372905084
246338788
2048219811
1240088640
416057240
739868815
716426020
1236816994
233758601
735427958
409745020
977302375
401356335
1922415288
440430618
617623400
1740128044
773425480
1400453798
1258148222
1577002595
1446727596
1599674054
298357670
1416793319
881838411
779639247
133706679
214970034
585504839
184047826
861478014
1948076795
1772259316
1990996062
1716776822
527359649
1991848720
324321481
893078755
514351366
1139154299
1613510596
908415733
859328896
791298437
80725626
2004376731
2133155787
741846140
1895515316
1980745452
135864083
2089517993
580733918
1228311784
1669715858
558226887
747406734
1529794980
306128418
1142211934
777309682
702008468
2022712547
158502441
1754191986
759199787
27661230
260804479
853361115
216172268
209130039
1357255461
1157572461
264623808
356461871
1310268342
1282945828
1931026245
903081864
872272403
1089575199
338614597
2079753216
1789269149
1972357812
15894785
1583289494
842470210
1882798713
724316845
735562444
1940537833
706003392
1510140655
1381964786
2051771991
1845182544
706285842
1480087904
1921814236
49748226
2087017365
1201606905
1724831511
103109351
1549734620
1782437646
1574782760
1473233600
93333192
520913642
1736823174
1580452396
1725162946
428878149
1056520131
401244435
1487711272
1192739305
1815748593
1580751486
576539447
502191939
1337481924
1701341682
701422137
1023100894
2125386463
1018413607
761956317
645867715
123278557
976725636
324518345
228530175
1449822529
21354277
1017669501
1321237367
402683427
1570342139
1002295455
2001439932
525384590
658062858
1264404930
1578361802
1195235064
1387512161
455634643
179852457
797737213
1258323302
269530718
1313572993
636986758
544951326
421349304
775002466
1570316149
1952270827
529028104
397160877
1059002889
1497931209
1858458096
415424810
801302595
1724894621
226183857
1929760841
1628692963
129513508
1522476276
311437891
1049398168
771240827
1970776029
870871016
649570991
363496299
389521776
393717987
987086067
206492282
1450681468
1571594995
1309380178
1866156009
1614420286
1614418976
1933956050
409633492
1443899147
1969390367
775361085
435326930
2120770657
612226276
1101834949
525933525
1853573366
944775895
2021346057
1619824491
1429636774
1966985516
444542094
1013598784
1282333952
1491903644
1872305783
1055032878
1652009006
26589219
1851085431
917752900
1970200302
347578522
355894072
187799499
982525248
40648491
499878085
174863860
1319658531
1524568749
53103657
2084183819
1194251056
1640727713
1332241283
1760663688
967461217
1920490969
976827890
381097045
1459306674
1517718100
1888996604
445352307
1213457647
782404318
2030424536
182027022
1658668458
1106676803
1894882568
534715522
1280082664
715800783
1144658151
1649421235
51694326
541253865
1172983610
2050133688
1538510157
2050469852
1860341621
1609346636
1202495730
1358071543
1619973313
1999135465
237144650
82480534
1928082484
1886169194
812149881
1875607994
411233091
1942994990
152552032
1230848403
20663809
199581012
1445736610
1698639093
1136687637
645120816
2105484130
1298302802
692815269
822275972
1639469197
2107802403
642823074
808077171
1385155522
1961526236
2105730929
509157231
995145865
798011581
1912159710
1462865955
1782079408
915330192
280134899
781112920
1872084031
188161346
175218592
1254287288
1620061512
1590203907
322451235
1112547619
463637228
1282835215
786832739
1810191641
57423653
316489759
270697438
1487047336
22616195
1368741188
154243228
2021683553
1882739018
623527257
1677173036
1930134222
1778768795
1928935179
1504812710
718197269
1681772775
919308341
1691610840
1540615274
28774520
318145242
1837134686
722819747
1361881185
1103856499
540264520
890228353
2019131907
390014553
1438143922
201184326
2121695515
209167841
1763252720
380798035
1337435932
1382575929
927132766
1972418507
1227386196
1275012616
620614249
509427785
1767362432
1555540082
550208509
559486774
1199182457
1100826946
65564149
621321246
989545983
787232800
217795810
1745925480
1795918395
2099070656
244572418
225944929
1470653509
508057733
714674475
1327073546
1755868122
2115600809
267492927
1959286181
1022864733
1917771045
29907635
1159665068
1459647473
1514688632
519707824
692003241
754466346
1249019140
1685610274
760727940
889137506
1404951838
1615839630
1296603053
653015621
1622610329
1162881944
1842332864
1036965257
855330032
1863670306
1177192752
1140541679
150938077
1953746335
382716003
1984287174
565684599
571728057
315547500
275556411
6964696
235703828
1292665790
236439030
259426976
802416302
886420837
1560844671
2119428883
2081775180
1124618565
1177332599
233611506
1265553521
1273801140
1691726364
1106794866
1960137946
388800582
595080851
442047172
844973095
2052074684
1211571348
694847790
1667910055
812896233
449352262
1138574464
356899273
1974932743
1962052737
1670088327
1997521353
1957857930
638505361
1323242849
60145112
1109558612
1045476183
330838965
1419319250
1371035938
48632742
532173087
1745022824
1614498768
1675084582
1829098087
844088914
71491948
1358646454
81054132
1598853098
515511847
119086504
2134016547
1871207565
725170317
1241067907
857310972
1931023330
108994985
38312127
787910244
669342126
353143857
199918941
623204285
1143349009
554212812
788141390
1875418762
1410382343
1839876945
115509680
930993761
60394403
421104102
1443812516
697289321
1782769436
477762941
1450286350
244669371
1072795842
211113694
1910445946
