668203795
548197777
1920328310
1961483224
771951874
474686595
303137573
750790605
419134844
1902368993
281954528
984947340
660276462
754209462
379738139
87663517
1518925766
796098845
2088154098
1833668589
134672407
1247349401
638062684
1291702072
2095332664
562080780
1998778619
982640446
1051760178
1579454447
328568053
1074323602
534460827
411904243
789225645
1447503373
1571593640
1041074284
1451957331
1606603600
1535739557
966341100
287487627
468476806
704346514
98852342
1648666281
1145653580
134370750
2069617148
1266528337
1974977084
159765224
113370378
1149874581
971379890
1362219973
349334341
1290205648
1332774311
1745362066
407574403
1689092537
1634642624
802676396
462838148
1751039948
1344859254
51909897
1523462042
159963964
575501581
1865758022
443610577
1933754535
2040547160
1268095876
1785975610
105704288
927222859
1169951398
345972870
114266272
804971408
1353534718
845258893
1310450915
1671149205
178200382
5631246
1913223508
27649115
1075131228
1971523632
640704614
1989306240
1015042663
702298086
1084643942
1970674190
1073132020
1556265363
2115614131
447514590
129886895
179059298
1805898445
1430404424
635031242
1750387381
2028177045
454774283
208184569
392108223
1908421028
472621886
243359531
1733973335
1138817325
1071880856
1875424035
1566450476
1617881344
1177287899
752042915
524083515
291580895
409103510
472413385
1069862364
469673699
1721794416
1083438839
379669325
609232508
2040927801
1546306254
2102985405
1496896973
664109529
1059768248
214194066
621745129
895320746
1403110374
1143660747
678808395
575587417
1697028866
831712964
18135031
889021690
1258440054
144671090
551708866
1879898041
960631425
987783915
893278979
997277252
2132806204
1369024563
1451085409
814753909
11576821
1676195140
1629214235
1105852127
364293675
559391592
426071993
400905362
1851660897
405683591
312253625
177490816
747446420
1528804243
1307734826
1378480288
253733565
1145379436
1071599744
1714423421
74300123
2143808988
44295785
490315944
1488582086
338437480
1930129941
146351716
458328136
20909917
1247790600
918561566
169756625
2049481660
71489238
462150447
1070248202
1920445629
1810176973
1350453546
1960454830
160125407
1650966953
1361479066
1449759988
1554118251
1373598209
1357377534
191462574
1404696822
976849460
735853289
323244403
1851033632
233882009
974809765
1321576477
544505612
2110416037
1046286473
1800769709
1947771197
19952758
1129993774
1664695141
657642202
788179762
880363292
1563168651
1606151607
615406102
501812886
549994085
1326889321
1943920571
329267980
1014918416
1544742470
1520398494
1685724164
743819429
1376319974
1993247032
354716927
509438768
497884421
1797479265
11165397
1971733766
1648777609
1661112336
1614456467
1482676916
1779653064
956429015
1855809034
641685892
1604006849
136850453
13240753
1888069882
1454442045
147970417
169753144
1519313043
1622421397
758905951
626752354
20285655
803565903
902693659
287518821
424979821
1932104499
375621847
1074157076
256714260
1214285032
660827221
1912518087
1370781869
68834214
1499338749
1169772173
1394430880
1578948898
151593935
1699073082
416635959
1056442391
893323680
1652650590
1657865036
1649758728
514167053
767921319
2064197692
1949728074
550696464
973120165
1198777971
210346171
749153304
1136416542
1753214001
1227854457
1397676272
255924361
1670987501
653189740
1179973009
1243404780
353779987
1897795063
531846223
1393597732
1835004912
1937256192
1686327165
540586768
1150023630
519211251
1494906706
872754670
276862746
1445398200
119416644
1152996841
98355590
1273799085
1072640455
789335656
936287135
841629727
162790761
1971964211
2040640221
67112938
169767539
1455942092
1646467131
1588092221
1196539654
56994958
670695155
963578501
794609473
293882694
743793826
1161034812
663235143
1015827686
1590661609
611252488
1331731588
313211310
1391775022
1764465008
1548112165
587694512
831186454
973494776
331760183
1036233151
1484766143
113049413
336392148
1331775091
759347530
1075402218
589840700
939249265
28232378
1063922690
1951180565
980869961
1939799087
519249994
1487814726
80622413
443415833
1174223457
1675995030
1066323298
1804556677
1372738600
1016866875
988473968
1506639293
686187284
490057660
1500532994
1438418813
2002411534
1700017268
1328194630
1869552526
101220533
1260211421
919826537
287246612
1631273470
931805751
1595194629
2088859160
921456072
2129585318
2126815587
1700297815
1987077986
253276743
1803619739
2019077038
1789861526
413459961
629383453
881483863
171677562
1965575182
1726788567
1355044595
805116336
914983530
2115194560
719245939
899136561
104495124
1986462151
928308650
91208409
1634426247
2052768747
909296700
186171838
822192246
1227346684
1689779006
1153647997
594344637
133086500
1274368579
223243698
703760350
1338833075
1817456345
175771715
166438773
1002308724
1503848741
1810439737
919732347
1471680212
1654518244
2043001196
686477858
2099213570
1723633245
1365296876
1064201511
445566878
1023858098
388846742
516429935
267898764
1843002779
1980086658
1387190039
1083806811
434023027
145516125
478289572
1015041831
1132847730
1260008710
700376482
1673321861
1482529736
733270088
959908910
265138010
604379536
1289022347
2099894212
1019653416
1358341011
1835127667
2047522245
111288397
1573234358
2092601107
896955776
946627002
664403686
192813674
1942737350
1129148688
