1574518545
1335077717
458076457
1641651881
1414124684
1875275637
1875568193
1586570688
13977562
660254539
2098469079
1356385303
1204515517
1813984193
382682544
1356653291
320775684
1746240722
894877052
499401495
144566368
1037711067
1045592254
1251388312
14296691
814344084
1417774544
1397279539
1564846915
373377269
849017923
261329308
1880448958
391689922
1666607876
1725199271
272941249
231926492
123370879
889296921
655090101
114029975
1481769865
454849574
54855168
72669129
1368880056
1308885543
444629881
1099845245
1251843440
2022400823
1796037016
1220881818
1296222701
802760806
1736930859
1921148992
1964740047
98063888
773188254
1128784483
601760292
1019226229
1266845444
529682254
1436435945
1913286777
1586481738
785066850
643190382
2093302722
1783157640
597257274
1720628690
42476841
1343094203
1095817779
4894073
2047664533
172329192
1520098278
604011627
110439129
277700723
991848704
80729563
1598256182
203346778
1990011156
1984649162
1325874328
1721517813
1951612
1348205021
2099237671
853349037
658613958
295478502
178219109
1360629317
541153872
1049129023
2127689972
533395996
1015726314
1904844706
2107596086
1917804283
1590712919
1221900232
1208367130
37807783
117999536
2111505426
298567169
478411243
1245909202
687956725
1527081895
1006701872
1218351034
2072917163
723196882
1334862249
1682574259
2055622554
437714161
1427433375
1095522472
1678690945
1371779470
684763314
176626179
239520751
118366238
2115058674
1389202076
475012672
1459814967
819113051
642155778
287186282
1632914466
1250269202
260281665
1105143941
966216617
1393615693
1677858141
2082166861
1786951435
488387540
1880358545
650769025
1858693969
806177765
366731390
1854315204
1909468827
2030067855
1108843332
2097574707
1912851090
278171814
360763936
571126631
475477470
543154351
1175045184
742860973
844784258
1367670082
1175098130
1004456039
2018939462
949119150
360967095
239227971
553655163
1783246352
312302185
1686961752
1889379484
1027824960
2123510619
198722341
1481720060
1258966547
1518548946
2052507191
143986593
1851185187
1335545365
2043251751
840742093
696874053
1644582973
136213464
1863408335
2127183849
1821018714
160856010
999477384
1062221355
467607086
1237434622
713758881
1729076115
390643092
17270298
794256649
1078158995
1313761211
631160745
403217973
1624078747
240885126
1377114677
471334063
5658143
676269074
1083251791
328409227
35212312
173106735
572221943
2078068533
1401337694
680004277
1569631479
1809148984
184566386
1210008959
953791492
620953467
621232178
361853874
1952422207
2026943376
1960468387
983395783
391494143
2001693208
2009150517
2009897277
1229907633
2123491670
2017745060
365308559
1863953934
534192821
1981213088
2123182875
315056804
1971724130
2055817184
915195219
235852910
6158373
1845769630
1582836705
1632383868
1305369480
219720761
1234656560
1132532003
349107409
453436510
1478028951
1800188380
1582960522
1058183152
1892682114
1570370064
1234675018
605352292
589122660
1834063794
1318350247
1658737161
1438948937
117984137
1171165626
1092375768
713626779
2076483990
1738001120
290400451
416254336
2056992716
2035517164
1796151361
21734597
1460735022
316336469
2010759734
998702747
1192826732
1225903296
2098605807
2072844579
958396142
638879113
1405629351
157192565
278427908
866053008
1821277448
390794942
2110022688
2040012731
618190196
1532366206
1048619292
1704398394
1288331273
85217780
1151273062
1267757226
358407389
985724992
210622156
1452618072
1032617892
2077077046
306782903
1679546333
144206914
747838544
1909884834
1046315012
1188280080
374955384
2119445112
823329034
1683757880
1762756594
1469570792
1498553324
1943258878
1549058077
1402696187
536920698
2005717482
759673897
1073766269
891141104
1049332546
96482806
1770166892
1548335839
46514691
1485445895
1359544099
85153206
1872559668
1238928336
1985984596
592171012
42283231
1531511911
1871161330
1614927828
1367728437
2143587697
324202941
826667998
517597460
1258843832
982070678
1084031606
818105516
1142668301
1045244118
1639976047
1942037910
1694821986
260176723
1883369024
1049105892
1087352789
4934211
1242739388
403740723
922792110
1850169089
193459826
77136866
311144821
1129180479
1657673853
1989655019
522072275
1884033431
2046951713
894589993
2014903303
2039430312
1817036285
52040359
927259681
1036508236
2018490057
906111177
1276656
1934034474
864849692
1574937158
776280298
1192452731
339990764
1985074091
663744307
370935706
1612020833
886098853
64347672
146895245
1380716390
1376298111
1213667228
828001560
646304662
1624008755
1129219138
1779180481
228244828
1594883698
1054852812
1729473778
1254858266
1828983035
479963869
664668033
667906902
220017494
1738264266
1428127783
1807895106
822518029
814405678
924204402
425468355
440761955
626377946
306814995
1973190785
1548856165
726007847
1934874007
693173167
1720211307
72519132
1401009268
2014830651
939696788
1363659365
215648626
64239028
1699922582
1654431464
1766008344
784627601
223885697
2019323304
1968393302
937357761
475735139
412737489
873673714
1707311312
1313167607
1809488456
416092057
1179902459
1535354788
1204596443
43392694
8697792
1074807622
248140220
1049929861
295270466
449374657
1628000719
1724308282
668504350
327960168
1163753465
1590376340
1461032750
1297350739
681433305
815235954
897744849
1552976436
1791887412
2047981361
764552232
1430449290
1125648321
47925002
1516207889
1082275220
985698316
1804048007
1615699068
2030417716
1719852777
1343616039
797188792
