1395
6236
11184
13747
16406
23798
28266
30455
36039
39828
42727
48393
50935
54479
57964
63829
67153
70809
74027
79559
82778
88397
93158
96207
101638
106220
107966
114369
114817
122337
124568
128340
134506
135380
142509
145408
149225
155262
158834
161895
166484
168681
173141
179112
181158
187350
189470
194463
197069
202018
208318
211290
213281
220659
224240
227439
230757
235644
240682
245735
247599
249861
256918
260450
263514
269523
272389
277678
281080
286370
289382
291575
297227
302769
304028
311044
312109
316453
320711
324172
330907
332898
337909
340390
345031
350691
355625
357276
363852
367844
370833
375965
377813
383225
386310
391627
396503
400048
401556
405905
410636
416698
420225
422241
426880
434014
437959
442086
442888
447431
450592
455454
460713
463607
468029
474842
476919
479792
485768
490252
494057
496791
503522
505894
511164
514927
516228
522621
527536
528862
536257
540330
542279
547982
550103
556793
557122
563981
566268
569649
577222
577647
583575
586658
590776
596834
601003
604436
610149
612242
615512
618726
626027
628027
634365
637665
640700
646630
647909
655084
659098
659545
666313
670047
673184
675865
682873
686205
691832
693108
697684
701216
704702
711678
714140
717071
722345
727842
731309
736873
738987
741760
747669
750025
757099
760425
764398
766681
770707
774954
780147
783073
790091
791561
797495
802523
802919
810430
814124
817433
819718
825986
831310
831512
837842
842738
845770
851482
855804
858292
862228
864680
871333
873941
877012
884158
887440
890910
895081
899377
904099
908464
911068
914762
917512
924191
929188
930430
936994
938464
943094
947406
950813
956683
960056
964053
967773
971860
977262
980177
984529
989968
993329
997609
1000415
1007089
1010345
1014902
1017902
1020449
1026583
1029193
1033852
1039941
1042603
1046937
1048576
684
4935
8207
12410
19656
21002
25385
32604
36645
37353
42059
47789
50910
53515
58593
65343
67828
69841
76285
81606
83147
89671
93253
96703
101414
106258
107415
114479
115742
121843
125320
128468
134659
136602
140923
143567
148970
152730
159675
160761
167824
170514
172346
178877
182630
184818
191446
193427
200083
202286
206819
212015
213235
217639
224450
228110
229867
237533
237663
245225
249584
252815
256840
261299
262740
266391
270824
275686
280383
283526
288982
293884
296701
300657
304426
311211
311811
318341
320713
324133
331698
333682
336560
343913
345563
350439
353833
358755
361180
364973
370508
373834
377446
382765
387808
392734
396844
398481
404732
406402
413448
416774
421717
424762
429371
433600
436375
440816
446165
448154
451412
458502
459538
463312
470348
473484
477990
482914
486458
487526
493314
499648
502823
505365
508331
513437
518841
523596
526540
531757
536350
538547
540913
548406
550824
555752
558304
562224
565504
569460
574635
578833
583260
587340
590780
595778
601538
606167
610224
611759
615053
618792
625421
629683
632407
637620
642609
645928
651191
653319
656607
661059
667118
669483
675520
677913
680763
685636
689170
693830
697571
702052
704932
709771
716579
718535
724009
727692
732057
735805
738018
743376
746663
753198
756272
759703
764800
767207
772594
776978
782216
786259
786433
793277
795751
800051
802912
808672
813301
818825
820103
825076
830543
834289
838499
841804
846486
851266
855632
857875
864244
865418
871804
873335
877370
881965
885625
890757
894408
898859
904700
908647
910106
913799
919895
925341
927165
931597
936427
939896
946039
948126
951018
957524
962367
966547
967436
972966
977989
979682
985312
987429
991735
996838
1003248
1007179
1011098
1013422
1017630
1022090
1025301
1029687
1035470
1038681
1044257
1047182
