246992739
2939473803
2630703024
2007500769
2747319523
2365845334
2815963217
1671317995
3729595499
1233709958
1088644120
546059557
2667087709
2117007113
2372262963
4101445918
4003395183
2014967833
582829269
2763516256
255089860
3035950529
1718626635
404080071
2887592470
3085143607
4227574290
80854754
765099890
533902201
2343867413
3400906758
538106070
449912716
1279384693
3048251590
3188383284
187188361
165238526
1167067204
3404857840
1566348235
489944898
2585181922
1891291925
3308308564
3290044854
584834211
229593122
1451690773
3526116972
2913835022
2707695085
2177498367
526980142
466617096
2689832727
1599161915
3303384947
3803605592
3718641064
3459774363
1418563788
3840584753
3741651148
861619506
3134739029
481994064
930752505
2962573204
2916164178
3614739876
2618846513
4206717477
2107209211
3061154884
2080096220
1663089249
4182925163
1273163095
1380402758
3708870179
3371572638
2842189630
667950451
2390753229
1510030624
3450944585
2453804322
1682016302
2381553832
2891187399
3379876195
1012915084
1591086943
3061152074
2254203866
2649149608
3043858351
3661827971
1265216862
991921960
1593463520
1731581491
615201024
3686710169
1795734331
2097928479
402126577
943720039
4247400777
1871958998
1187883654
2299792737
1714353256
1987834263
2559225867
3893817156
1285587177
1371803734
3884032380
3323522035
1105650407
3927628967
1895867231
3506461282
1495271855
755664545
2606382398
2347075545
2912362383
350245655
4017445572
3433753808
2706618762
1001648701
2792951329
1895950534
2665306796
3290032084
945060
1680894709
2891134331
766722240
3160041647
3602402699
2532651356
2718939747
3558712370
3555913906
32929699
2983918229
1079369266
1341049291
4153170344
3232386146
1083121739
3538032778
2457863098
2660120808
2792655522
2132164282
3730194448
2239665921
1381315597
3114248108
3096440290
1660731707
1355571877
3978627159
3915192067
1907622499
2607441044
1100189605
2458182203
2854516540
610612982
4189178640
2134707977
3204108756
3116751034
2969268458
816511660
2593882698
413988251
2344826065
2386494091
3752490467
2688995732
668989340
3994974100
2225106278
3195584451
2147554272
636607511
3023471360
307925341
1150257775
554548027
2028421467
1708417196
2826433988
1175309197
2435262316
1015923356
4006708776
3004238150
4245486309
571675171
1061168613
2434036103
931243352
31407767
3549400932
4270787410
1619642645
1507183438
1229836213
2469550130
3307869519
5147740
1973802801
1144928006
3273972359
1629413767
543566121
839019621
812629948
3774073962
1616534252
191952554
1317814730
2418952740
4259648586
3693378094
4004270202
2986794989
1678702584
2389344464
2618431108
1193433582
399198239
2461068
4094542496
3995321789
3969607551
2739213455
262096839
1277812694
687126266
199658231
1391694247
1246480403
2742930956
918520566
857858030
1232629308
2897430977
2468352786
238933801
247231690
508444176
3889752856
4145957787
1652485086
327052330
2501703417
1460937777
3926724830
3298201970
489106033
1243279091
2343002010
2719318506
2771699708
313119587
917830728
388907491
2762853972
1118403381
2800675048
1090906972
782197362
105167532
1156742152
107289082
1453295467
212146501
5810510
3166076171
154912034
2455889629
2445663795
3980902859
2055233842
2430742934
1648158561
3465254814
1780244030
2603099649
3017078590
4130367843
2209744682
1514695360
1360336433
46592717
1094068539
3652500935
2346179838
998850682
2504255570
1719033888
114331770
1644340150
3176479016
4168242565
4293175385
511613296
3024323503
841768596
2082577496
2026367534
1135091745
2696740987
270248101
1100258425
2876075788
3469141855
936007652
1181616456
115708445
4057170188
472812559
3817228797
602990415
643379734
3764693312
2368412197
1710490177
1232310580
4026783325
1820090958
208274198
1986808838
430112252
3702874721
1399106712
951702451
2410714003
839170319
2870923482
201715889
571007715
1669897936
2898590101
3240336875
2962043303
2434954981
190286484
3877371503
2003707371
1962875394
332149536
1412202270
37019427
1831783992
1744922885
711903569
1488854585
1048382313
3584462847
1590762561
3391595856
3771702636
3356959611
2653216341
2098716666
3465127935
2492475386
809763393
392566655
1130818190
3018734019
3951192570
1469281162
3791483054
2460597659
849961098
2310443695
1010297438
4293955820
310681636
3377630911
1049366595
617032006
1473675615
818094556
3776462616
1672929498
1745141806
2794342031
4190624712
4062116510
3552996400
2356539791
4235937487
849394325
3830476718
1668409116
2951261586
1302870311
228375511
579548019
1247292097
1157431776
2714403314
1640369470
3485922589
4135605256
1113466328
1225854931
3402273184
2233566929
3853398708
1606830890
793398709
1295041121
3087936620
2923670555
3690132241
1979222056
2600540598
1072140995
3675830647
2487606053
204322235
301797392
4007191727
704385858
3139190162
915626162
1359181415
144137936
3843881910
1833053329
2028009430
1500082792
2960446800
2764039660
2193332333
1790950005
4185851992
854116460
4058816988
915003269
1017023895
2892013727
1874777116
3131912669
4226062611
1653209342
4141870836
2448068583
2960975479
117541900
793434429
1021478443
1059213110
4004510979
2157261101
2692275071
2734816543
4085830097
2594991980
2599193223
3834650860
4037673067
1461825220
3203642467
4044205173
3373834718
1957005329
1325842595
3222193740
1415628795
565624814
3012373352
3388052900
3641043646
1669489352
652968937
4175341542
988062373
1168791590
3846414806
3157461706
3293687698
393886634
1658868620
274260444
673874404
1453749256
579890366
1793605584
522804941
3380279319
2243281749
1353011363
2828983181
1335561439
3140355790
1859143615
1638713044
3467671738
1286951933
572489079
3078366023
3918307652
1117283659
3275341057
244534141
3792594146
3501857455
3978894364
386722560
1606352102
1295421681
2037393455
2455242665
2627726448
4118400252
719536250
1184330824
2751166900
4231365159
1821079964
2090387185
2336738485
1825389663
1964938300
3045413285
3188005154
1827983029
4136444898
2457476638
1062386811
3347346977
2588453109
1399151797
908617554
627934238
2119111042
3181584847
3847511890
3722800630
2235719316
3013351665
676605755
2706306686
3268378491
1789504032
3367810964
1289681615
3213637826
919168679
3664309192
1357468198
1612632330
2816902316
3748081215
4294400084
2315724149
555869261
2027464604
3365642331
1965775926
1208806646
1004404304
2305604754
1956481798
3660760063
1195035299
242626718
1595889430
3887183994
1212136399
882763052
1806293376
3715819244
3403489901
341381629
2119278512
2989701156
3073730007
2175025720
1047150420
2064681168
501465473
3595794174
824431318
3563003609
2991037834
1236945988
4100340181
2550131832
897004835
2571972712
990800742
3090425279
2013962728
3642771437
284238482
143081930
1633469053
3429312585
1884325236
2711919609
1999293837
1243398311
288591173
3842284948
2902359883
629161005
2272761020
1995731651
2090947000
488080157
259026113
1264749674
2927641666
3375099575
1975710254
3324276824
1165668623
2919721052
1588133289
141382435
4256164553
3587058556
2108023923
178905127
3248634181
3907979343
156559697
2028594449
4266532913
2537332575
3887892416
1907019268
261742010
1644147778
1525830175
3424086631
1127677164
1485266234
766160831
3311908433
1601212513
752337654
1864930812
2311068110
3429400420
3159229155
2769923782
4170173538
3261194406
4072391189
541438901
1494195428
1151313720
3335894335
2192815256
720849924
1734889515
1596308166
480727244
1990015571
3838020071
1304355968
1128885734
145692502
371224648
4213203991
2797942191
3413629137
1834824685
3546456274
2974406429
1255192487
1463118658
973613325
1440907554
3871540684
1202262939
3890600636
1497467288
2409171761
2290004317
3877023800
523694900
695619259
1799098587
1611900129
2752867496
2935690580
3703547566
2248910355
1122191189
68110408
3155550604
2007648584
1674830760
1872723895
106536328
580905953
3586417567
4122246082
2022360366
2389244991
1143814937
3839486005
1504503635
1737511870
3175927793
4161780624
256175326
3536450451
588178490
1758095708
2449800517
32979727
1667793933
2075324433
954545430
2321279765
4287180223
2621967895
1865693584
768681719
1708428991
1598029417
1936032900
589610960
3729250433
1666609432
1451589824
1486953588
4162076074
591640714
1339360611
3983539237
858713786
2481651448
3420921121
530377521
1854431120
3765890639
3913315871
701016288
1138802619
2709151756
343455408
282854566
1822934978
545848449
3369775060
3025479664
1316426807
220870240
1571360876
1791704743
1329707691
43269783
2474815787
2087990187
4220374737
2817036522
215732702
4148738878
3981664178
3702053699
2247924651
1413089928
1379806236
216437187
1401678760
789495361
910233784
2481107979
2005947521
2108901163
2525757058
2358312829
3228626141
2974322493
1554921262
3928529387
992268466
1877171169
2758640137
3446196745
66582314
4190269527
1478316094
4183922612
371585804
1506497426
4202579188
3593450365
4192930108
588169801
328786790
1874762359
1351297015
2127205653
756986194
3707400911
2980114771
3390946559
1337385516
2815691866
3374514000
542132730
3523718449
3667285766
2528566311
3832036599
3229114253
3259546247
2502517205
4255662688
3122325930
2329264286
4229893892
2008110266
3769094222
3111970317
522835485
11081297
316383109
3588069652
2292159801
2423042665
4248998440
1534077185
4218303495
858758972
441392951
3270387959
146591364
2031788073
4207428690
3427176313
3865070045
3444918527
773505018
3482478809
3182075083
2239245269
1713964584
3507107457
2363389058
3764905617
1861549800
3027175619
1455236836
473552525
3512628252
400391754
1166495413
642081703
4071274025
1575828909
3971612195
1146923237
372251635
3952526268
126042602
1700416530
306407223
1114310058
1515710595
1132867910
683263730
950839317
104810570
2690459932
1156529144
3350073932
2103203572
1489437366
862904217
2019643725
3063524965
3341517356
285000241
2437479425
1127711481
1591473155
634282578
473916071
3811001475
3674934749
2199263052
3881558008
3282471385
3909270278
1244256244
2116739747
2054003595
3617013100
2457616864
4047163280
982230211
561195506
149431130
229199428
2619682520
2046777972
2405246737
3936438029
1489479423
28597001
737521197
3664095207
2928314385
200001140
3249154538
1452772081
3590899513
2880369343
3510331233
501685822
239432937
1230812717
3925620763
245679932
1378472833
741187890
3612371913
2771559368
1192975036
2485309959
3437604938
1466992027
3644845719
2936548392
4189507495
2563913288
2984298089
1476263639
3683839850
1558447212
763382853
619600049
2829290460
704990658
3915101063
161555041
3477557889
1766752735
453090626
2542149966
2774448766
3802439505
1046018788
3678928961
1837136142
3333409592
2302326365
3465226810
1924037749
2752073292
1499630075
281829456
3272895151
3987409299
3971902314
3586042369
584588992
3844378986
3423821331
1097275557
4164994975
1947665131
4267922210
817941735
212048255
4290753254
3771569428
3905112693
2570470933
105751823
2050098856
2814838250
1726575189
631895107
90632343
2652555176
58698526
