652276
1729947
2620381
3998817
2205855
1154248
871915
4170934
270499
194313
1466211
943986
4155146
3504501
2598533
2934669
1202912
3669911
1201213
1898278
497484
4109316
2683927
2849745
222177
139015
1213308
2599614
76551
847854
4067055
506956
394918
1638264
1087171
2762422
49386
1336046
2451134
2269596
3966862
75083
3270046
1812483
299458
3396670
3031525
2649651
336168
984064
4108761
3391301
538812
2597560
2649225
2204188
2682577
3558663
3044280
3441444
3469520
3317801
2877278
1462062
1727124
136511
2372049
302857
1818177
1678731
555631
3890252
3030519
1273618
3564777
1615957
4147673
3167654
3145310
336459
2007142
3575849
2444057
3872920
4101266
553718
1056086
3269211
2302086
3057083
3050563
1086953
1182948
3339369
3047496
1739428
926710
3692463
1181638
3519587
3617066
195639
2826709
2104548
1850795
684135
2494832
1488724
4175251
541903
3044470
68576
3293725
1849924
950129
3769847
49315
2877952
1195655
2878175
3594927
75174
2653745
2118361
253851
3144909
1212568
2678190
205107
49332
2270351
2560919
655119
2987378
235190
3898841
1839456
3396799
2442699
3713621
2681511
2504265
3860212
2794842
2575427
2907021
985787
2223509
1513420
2729560
3478478
2590940
511015
552333
981959
203854
3999546
2546892
1078773
2319370
1741516
1233946
555129
380569
2939834
2341988
1738329
1649801
1015430
12183
3895845
1054578
87476
212478
1745622
1721944
3576282
3170050
1079760
201857
339089
3749298
3293590
2191886
593026
1840021
3339013
2511250
2975009
1033501
1684476
170857
2927890
4170705
2207614
950241
833187
3887076
1959292
2873648
511679
2573955
2970337
4188012
2780246
2534402
1593314
3171896
3518703
2590162
3032990
3858653
2906661
428784
3059182
2601735
3563581
2730178
2622636
135800
3404514
2795640
2213366
3580711
1234161
2256742
2025578
2622274
277451
1462842
206192
2575822
2119887
3117049
1894032
1743178
607204
1974970
2793725
2686117
1270849
68360
270656
2452836
472406
3034387
1132221
236656
1503740
3058748
1512543
4147241
3895376
1142307
3049551
1343490
1739293
2777327
3075771
2199783
3230981
2972067
3736659
2682956
3397639
2926861
2986074
962959
1272965
3183339
3596011
2138572
964239
3079010
3138595
2305018
3443381
2652096
452012
2827642
2988380
1086847
2254806
1014824
2340181
4156216
1977182
949044
2101530
1956686
3388452
1166925
2939092
1946620
966688
2330404
2009513
2129792
1742073
2495462
837562
3280343
2270540
2223505
3184821
1152762
2446362
3167348
1958400
2560108
817629
2621425
2458088
1675653
4008887
687587
2711165
103058
1056014
2938892
1153638
10931
1514077
3075081
4065564
3859693
3202707
277698
2532108
105504
889988
194864
3687111
1889783
1360203
1424329
1724201
835678
1817832
3738436
3106196
970236
3481258
3196457
3521780
2910122
224912
4075325
233697
522597
60566
2518480
3272400
762468
685062
3872928
1955096
927541
2544740
666822
2560356
1889802
3461486
2461597
1812247
3712565
2214644
3558270
2045429
1841446
3682281
1604046
3642699
3079774
2576778
3748220
1946250
1489109
4177396
2727969
3667620
2128666
2828237
2007113
3687441
3481076
2495585
1747442
1458446
1989394
1504677
565708
3678760
1975463
3929578
3707107
1892736
888926
1914653
2256931
3930251
601340
3688455
2015063
209505
482119
1045730
1342642
1148746
3889240
2577472
1677711
3203017
967566
479511
2435396
979218
1720883
1692633
2994761
3294074
521553
271531
1614649
3076038
1208421
1646808
2516143
90034
665383
1730304
3618345
1347477
2026023
1843362
1012004
3140212
3903575
592657
3566599
4148155
2544040
1931983
1709833
2372525
3026989
2259535
2253743
3225907
2678969
2375430
3628369
3638736
3255253
3874059
2305253
1892781
1637415
3443556
3474633
203958
2908136
1194347
2649732
3079093
2445217
4174729
3906009
3681893
397895
1997268
1141875
549018
2950293
3904998
1647211
105969
3145211
3230550
2126698
1044953
3738654
4185063
1989971
3185052
665365
2740242
3891999
2518575
1362058
4073417
1995307
170871
1851235
746721
3690673
2695316
2459398
