1077047057
1077045438
1090297045
1090297757
1090296658
1090297209
254897726
1077044326
1077045140
1077044152
1077046548
1077044460
1077045564
254894403
1090296614
1077046900
1090294091
254895612
1090297552
1077046659
254896860
1077044073
1090295081
1077047115
254894096
1077046478
254895659
1090294664
1090297148
254894297
1090296428
1090295550
254897936
1077044016
1090296674
254894387
1090294148
1077044466
254896554
254897258
254897302
1090293772
1090294465
1090297013
1077047127
1090295849
1090295273
1077046556
1090295651
1090295259
254896900
1077043901
1077043934
1090296984
1090296290
1077044656
1090296471
1090297753
254895035
1090294567
254897824
1090297194
1077046789
1090296064
254895032
1077046613
254896946
254894222
254897520
1077046369
1090297405
254894928
1077043947
254896073
254896153
1077046226
1077046101
1090296806
254894188
1077044672
254897615
1077045906
254895788
1077044161
1077044955
1077044816
1090294207
254897535
1090295409
1090294680
254897435
1090295778
1077043612
254894985
1090293971
1090294893
1090297459
1077047207
1077044955
1077046953
1077045870
1077046652
254894314
254895876
254896230
1077043497
1090297766
254896245
254896798
254894597
254895778
1077046652
1090293875
1077046083
1077046330
254894949
254894692
254895142
254896239
254897368
1090293817
254895559
254897750
1077045771
254897194
254896417
1090293766
1077045747
254894628
1077044688
254894691
1077045194
254895538
1077045788
1077044801
1090294165
1090295541
1077043398
1077044364
1077045790
1077045901
1090297550
1090294886
1077046067
1090294917
1077045954
1077045463
1090294801
1077043808
1077043919
1090295124
1077045152
254896029
1077043361
254894433
254896621
1090297275
1077044457
1090296394
1090295189
1090296371
1077043922
1090295259
1090296084
254894517
254896176
254895333
254894527
254894740
254897397
254895015
1077044596
1090293842
1090295212
1077044759
254897789
1077043991
1077043696
1090294445
1090297834
1090295096
1090296040
1077045498
1077046295
254894144
1090294618
1090297454
1090296537
1090296791
254896384
254896502
254894903
254895911
1077046608
1090293881
254897604
254897562
1090295389
1077046776
1077046168
254894725
1090294838
254895810
1090295754
254897937
1077044664
1090294985
1077046203
254894631
1090294896
1077043231
1090294439
1090296939
254894265
1077047230
1077043749
1090297376
254896750
1077045585
1090297047
1077044434
1090295645
254895610
1090297486
1077045344
254894828
254897998
1090294722
1077045935
254894281
254894607
1077043475
254896881
254897510
1077045210
1077045712
1077044740
254895511
1090295250
254896691
254896906
254895606
1090293969
1077045920
1090295789
1090296810
254896501
1077047030
1090297164
1077045159
1077046783
1090294480
1090293916
1090297711
1090296285
1077045710
1077046530
254895632
1090294291
254897494
254894969
254895226
254897084
254896700
1077047196
1090297492
1077044851
1090295913
1077046099
254895616
1077046339
1090297574
1090296323
254897464
1090295474
254896412
1090297650
254896471
254896192
1090297415
1090295676
1090296335
1090296503
1077046189
1077045493
1077045392
1090297337
1077043228
254896536
1090296890
254894273
1077046104
1090297668
254896576
254895090
1077045181
1077047157
1077044911
254895091
254897870
