3302249
3950383
3075650
2572967
2970875
2608830
1797207
304699
894563
3357009
3843657
3205458
1288118
1192536
2766379
836440
4052530
3662683
1429674
1640247
3669523
2245281
1508212
3098759
2785754
2058520
28958
3490374
4009308
1290746
2633172
2317836
4103671
3245509
3169813
2650459
1500133
718699
2353287
4091992
984946
3542264
1999169
1490976
752468
3788841
765240
2652432
2006862
4021779
1577550
623173
2820889
1263865
3410743
2974209
3535172
1752674
562356
810375
975315
3922663
2195589
282372
3437425
1797472
2029483
2420845
2292338
2042391
2968681
3039416
2442242
3428896
1690903
32071
1297046
1987226
1597257
203110
1523863
2771582
1153147
2936647
2734673
739481
2952521
3061617
3495661
165851
2348193
736679
3534943
3214776
1655088
2570541
422760
508739
2800982
4127669
3675748
3237661
1772379
766249
2935538
2887850
3254977
2683364
957893
3367561
627282
197858
539931
2480507
2847025
458532
3466093
3538899
239764
206792
2123099
1739720
1563441
448016
1283116
1569700
1465813
222537
2359383
927035
2894562
3733819
1088277
889909
661458
1573354
111194
2734169
2041293
145639
3076777
975460
2674502
529588
564590
2556208
66271
910952
869010
1875662
3798935
2147150
3881248
3523323
2448561
1493837
843355
3948908
1750009
2515462
3512934
3496937
676292
3565599
2388533
362444
2602240
2533611
3300311
2202599
1567502
3436260
978804
1617712
3397263
314836
2162708
3758702
3608960
3619965
3834237
3189213
1589807
189661
2868476
2783375
1515083
1036098
625908
2211361
3949602
561988
1173618
17389
2217061
1996081
331740
1839337
2479704
2394012
4012556
1034293
3972939
1549478
2809107
1369064
124552
3743635
2067172
2697777
3104093
1463350
2984180
1535342
2922697
3783042
1254999
695886
985255
4089701
2732787
737411
1160596
926210
3486011
3733459
3331681
3205569
1164022
1930814
1526607
3366882
1066078
1353272
84368
1833973
3599715
2624756
1153222
2204951
2674524
2139484
1396761
3531919
12490
1689331
415216
4002032
722618
2335505
339651
3516458
3119304
2968305
59007
