1637528
1638161
1637307
1636816
1637205
1636851
1636059
1634601
1635177
1637582
1638057
1637434
1635561
1635468
1637005
1635120
1638261
1637880
1635700
1635905
1637887
1636496
1635776
1637330
1637024
1636314
1634332
1637712
1638219
1635564
1636875
1636567
1638311
1637473
1637399
1636892
1635768
1635005
1636602
1638300
1635265
1637763
1636256
1635760
1635038
1638004
1635051
1636894
1636263
1638231
1635844
1634912
1637058
1635538
1637634
1637208
1637756
1636015
1634853
1635095
1635256
1638134
1636448
1634579
1637660
1636059
1636285
1636668
1636542
1636298
1637203
1637272
1636689
1637652
1635955
1634335
1635570
1636244
1635863
1634502
1635792
1637010
1635430
1637171
1636974
1635026
1637187
1637293
1637717
1634465
1636597
1635023
1637756
1637443
1635920
1636814
1634716
1634800
1637039
1638334
