3301
3066
4230
6939
4765
11672
12349
13545
15367
20263
24498
21940
22641
26102
27380
32621
32100
34494
35383
33720
38174
38006
42428
43546
45564
46501
45114
52374
54761
59075
62907
69273
66115
68068
72834
69640
77719
76467
79139
80853
83231
82954
88408
87871
87025
93089
94280
97347
96335
101108
99782
100656
104242
107974
112588
111711
113245
116428
115738
122781
119913
125338
128175
130607
130512
133424
136969
136274
140989
143900
145529
146031
149956
151908
152471
151660
156113
159494
160685
161590
163754
165386
165367
166843
171974
171017
171707
173804
174249
175681
179432
179638
179056
182959
184043
182811
188036
187529
187955
191961
188496
195707
198046
200400
197211
201625
201263
202610
206376
206948
206933
209721
211456
212656
213826
219701
217327
222868
222464
227819
228030
231045
230072
231340
237399
238692
237992
244940
245500
245605
247947
251860
250382
254267
258149
260954
258562
263457
263456
264347
266242
270229
266751
271697
272741
278410
277351
276425
282429
279325
279363
284431
286123
290659
289348
289871
293171
295324
296079
302010
306542
306420
304227
309355
313503
315262
311836
318657
318725
320159
323043
323687
324614
326442
329997
331026
333387
334985
332395
336088
339088
336278
340858
340509
342346
346436
348792
356103
359832
357201
364011
368554
366511
368817
372653
371964
373764
373209
373329
377828
381555
381388
387921
386083
391796
389659
391520
393370
396685
394391
398397
400096
403966
407765
411449
409966
417005
416079
417605
418852
419460
419094
424757
428986
428044
428244
432542
431168
434570
437015
438248
440869
438600
442955
442664
445585
448168
446612
452572
452137
457817
462601
465960
470662
471429
477583
477097
481705
479334
479305
485159
490694
492726
493974
492570
496881
499209
499301
500264
502955
503849
508562
515569
515104
515216
517563
519228
523758
521200
521651
524840
528844
535838
533601
536842
540992
540835
541867
546150
549676
553870
560636
557088
560259
564695
568405
570337
571414
575695
574169
580813
581115
585310
583832
585574
587734
592032
592024
597995
596194
598993
599222
601048
603540
606637
610688
616805
621907
618767
625858
625611
628814
634084
638848
638616
638703
641308
639392
640081
644873
644706
647330
650829
649687
651644
658342
662377
661435
666151
665706
668417
669581
673097
679714
677526
683329
685257
688495
694660
697441
697318
696688
700839
705639
710394
711880
711270
716127
714390
715125
719552
721466
723426
727260
726482
730012
737249
736052
737137
740186
740428
743064
745056
746907
751910
754581
760537
759337
764311
766354
774047
774753
777726
777270
782281
781971
785464
788277
787446
790347
793527
796678
797653
797924
802488
804596
804077
803037
806922
808521
814536
818879
818215
817254
819431
824979
827177
823859
830316
832073
839059
838829
843015
841831
845465
846441
845400
847905
848698
856046
857495
860148
863207
867406
871606
873208
879054
880036
878902
880681
885633
886454
891943
889579
891061
896609
893275
901101
902547
904692
902025
907776
907102
912095
910131
912246
913502
915386
915682
921380
925180
924430
925591
926442
930404
934089
936753
935280
938424
943532
948838
950257
952891
952999
958161
959440
963545
965340
963431
968357
969034
971468
977941
975988
978690
979473
984271
987623
989055
989004
993786
991267
997967
995401
998151
1000779
1000870
1001375
1006036
1004075
1010458
1008490
1013581
1012839
1017629
1019125
1016894
1021959
1026542
1025700
1024775
1029151
1032046
1030608
1035111
1038684
1037682
1036378
1042585
