1077047057
1077046203
1077045712
1077046101
1077045747
1077044955
1077043497
1077044073
1077046478
1077046953
1077046330
1077044457
1077044364
1077045901
1077044016
1077047157
1077046776
1077044596
1077044801
1077046783
1077045392
1077044672
1077046226
1077045920
1077045210
1077043228
1077046608
1077047115
1077044460
1077045771
1077045463
1077047207
1077046369
1077046295
1077045788
1077044664
1077043901
1077045498
1077047196
1077044161
1077046659
1077045152
1077044656
1077043934
1077046900
1077043947
1077045790
1077045159
1077047127
1077044740
1077043808
1077045954
1077044434
1077046530
1077046104
1077046652
1077044911
1077043749
1077043991
1077044152
1077047030
1077045344
1077043475
1077046556
1077044955
1077045181
1077045564
1077045438
1077045194
1077046099
1077046168
1077045585
1077046548
1077044851
1077043231
1077044466
1077045140
1077044759
1077043398
1077044688
1077045906
1077044326
1077046067
1077045870
1077043922
1077046083
1077046189
1077046613
1077043361
1077045493
1077043919
1077046652
1077046339
1077044816
1077045710
1077043612
1077043696
1077045935
1077047230
1077046789
254895810
254894828
254896946
254896900
254897258
254896700
254895015
254897368
254894692
254894273
254894607
254896502
254896860
254894527
254897464
254897535
254894314
254894281
254896153
254895778
254895606
254894517
254895333
254895612
254895511
254894297
254896384
254894985
254896906
254897726
254895142
254894949
254894725
254895616
254894188
254896750
254896073
254894222
254897084
254895032
254896691
254894597
254894631
254896576
254894144
254894969
254894928
254895911
254897789
254896176
254897870
254897520
254896471
254895538
254894903
254897936
254895788
254896536
254897510
254897494
254894740
254897562
254896412
254894433
254896621
254896554
254897302
254896230
254895610
254897435
254895035
254895659
254897397
254894387
254896192
254897750
254897604
254897615
254897824
254897194
254895632
254894265
254896881
254896798
254895559
254895091
254894691
254896239
254897937
254894628
254895226
254894096
254896245
254896029
254894403
254895876
254896501
254896417
254897998
254895090
1090295273
1090296503
1090295096
1090293881
1090297415
1090295778
1090296394
1090296791
1090295189
1090296674
1090295259
1090296614
1090297454
1090294985
1090294439
1090294722
1090297753
1090296428
1090294480
1090294893
1090294664
1090297164
1090297405
1090297013
1090296890
1090294896
1090295645
1090295250
1090297047
1090294801
1090295081
1090293842
1090295550
1090297275
1090296323
1090294886
1090295913
1090296371
1090295849
1090295124
1090297209
1090293772
1090295409
1090294165
1090297668
1090294465
1090296040
1090294091
1090297194
1090296806
1090296658
1090293817
1090296939
1090294917
1090296471
1090296537
1090293971
1090295474
1090293875
1090294291
1090297650
1090296064
1090295651
1090295789
1090295259
1090293916
1090297148
1090294207
1090294838
1090296810
1090297711
1090294618
1090294148
1090297492
1090296084
1090297552
1090295212
1090295754
1090297550
1090294680
1090296984
1090296290
1090297376
1090295541
1090297045
1090297574
1090295676
1090293766
1090297757
1090297459
1090297337
1090296285
1090296335
1090297834
1090294567
1090297766
1090297486
1090294445
1090295389
1090293969
